"tests"	"positive"	"negative"	"other"	"teryt"	"date"
1	1	0	0	"t0204"	"20240809"
1	0	1	0	"t0205"	"20240809"
9	9	0	0	"t0211"	"20240809"
1	1	0	0	"t0213"	"20240809"
1	0	1	0	"t0214"	"20240809"
3	3	0	0	"t0218"	"20240809"
2	2	0	0	"t0219"	"20240809"
2	2	0	0	"t0223"	"20240809"
4	2	2	0	"t0225"	"20240809"
1	1	0	0	"t0261"	"20240809"
39	15	24	0	"t0264"	"20240809"
1	1	0	0	"t0402"	"20240809"
4	0	4	0	"t0403"	"20240809"
2	0	2	0	"t0404"	"20240809"
1	1	0	0	"t0405"	"20240809"
8	7	1	0	"t0406"	"20240809"
20	9	11	0	"t0407"	"20240809"
2	1	1	0	"t0408"	"20240809"
2	2	0	0	"t0410"	"20240809"
2	2	0	0	"t0411"	"20240809"
1	1	0	0	"t0412"	"20240809"
2	2	0	0	"t0413"	"20240809"
5	2	3	0	"t0414"	"20240809"
5	2	3	0	"t0415"	"20240809"
1	1	0	0	"t0416"	"20240809"
5	2	3	0	"t0418"	"20240809"
1	1	0	0	"t0419"	"20240809"
13	7	6	0	"t0461"	"20240809"
12	6	6	0	"t0462"	"20240809"
10	7	3	0	"t0463"	"20240809"
5	3	2	0	"t0464"	"20240809"
7	7	0	0	"t0601"	"20240809"
6	5	1	0	"t0602"	"20240809"
2	1	1	0	"t0603"	"20240809"
1	1	0	0	"t0604"	"20240809"
3	3	0	0	"t0607"	"20240809"
3	3	0	0	"t0608"	"20240809"
5	3	2	0	"t0609"	"20240809"
1	1	0	0	"t0610"	"20240809"
4	1	3	0	"t0611"	"20240809"
3	3	0	0	"t0612"	"20240809"
9	8	1	0	"t0614"	"20240809"
2	2	0	0	"t0615"	"20240809"
15	13	2	0	"t0616"	"20240809"
5	2	3	0	"t0617"	"20240809"
1	1	0	0	"t0619"	"20240809"
15	4	11	0	"t0620"	"20240809"
5	1	4	0	"t0661"	"20240809"
1	1	0	0	"t0662"	"20240809"
31	21	10	0	"t0663"	"20240809"
7	6	1	0	"t0664"	"20240809"
1	1	0	0	"t0802"	"20240809"
1	1	0	0	"t0804"	"20240809"
1	1	0	0	"t0805"	"20240809"
3	1	2	0	"t0806"	"20240809"
1	1	0	0	"t0810"	"20240809"
6	2	4	0	"t0861"	"20240809"
2	1	1	0	"t0862"	"20240809"
2	1	1	0	"t1002"	"20240809"
1	0	1	0	"t1003"	"20240809"
2	1	1	0	"t1005"	"20240809"
2	0	2	0	"t1006"	"20240809"
1	1	0	0	"t1009"	"20240809"
1	1	0	0	"t1014"	"20240809"
1	1	0	0	"t1016"	"20240809"
5	2	3	0	"t1020"	"20240809"
2	1	1	0	"t1021"	"20240809"
13	5	8	0	"t1061"	"20240809"
1	1	0	0	"t1063"	"20240809"
2	1	1	0	"t1201"	"20240809"
3	1	2	0	"t1202"	"20240809"
2	1	1	0	"t1203"	"20240809"
5	2	3	0	"t1205"	"20240809"
2	1	1	0	"t1206"	"20240809"
3	2	1	0	"t1207"	"20240809"
1	1	0	0	"t1208"	"20240809"
1	1	0	0	"t1210"	"20240809"
3	1	2	0	"t1213"	"20240809"
3	3	0	0	"t1215"	"20240809"
1	1	0	0	"t1216"	"20240809"
8	1	7	0	"t1218"	"20240809"
25	11	14	0	"t1261"	"20240809"
3	3	0	0	"t1263"	"20240809"
9	7	2	0	"t1402"	"20240809"
5	5	0	0	"t1403"	"20240809"
2	2	0	0	"t1405"	"20240809"
2	2	0	0	"t1406"	"20240809"
3	1	2	0	"t1407"	"20240809"
3	2	1	0	"t1408"	"20240809"
2	2	0	0	"t1409"	"20240809"
2	2	0	0	"t1410"	"20240809"
12	5	7	0	"t1412"	"20240809"
1	1	0	0	"t1413"	"20240809"
1	1	0	0	"t1414"	"20240809"
4	2	2	0	"t1415"	"20240809"
7	6	1	0	"t1416"	"20240809"
7	6	1	0	"t1417"	"20240809"
3	3	0	0	"t1418"	"20240809"
1	1	0	0	"t1419"	"20240809"
3	1	2	0	"t1420"	"20240809"
2	0	2	0	"t1422"	"20240809"
6	3	3	0	"t1423"	"20240809"
1	1	0	0	"t1424"	"20240809"
5	3	2	0	"t1425"	"20240809"
12	8	4	0	"t1426"	"20240809"
1	1	0	0	"t1427"	"20240809"
6	2	4	0	"t1430"	"20240809"
6	3	3	0	"t1432"	"20240809"
8	6	2	0	"t1434"	"20240809"
3	3	0	0	"t1435"	"20240809"
3	3	0	0	"t1437"	"20240809"
3	3	0	0	"t1438"	"20240809"
2	0	2	0	"t1462"	"20240809"
8	5	3	0	"t1463"	"20240809"
9	5	4	0	"t1464"	"20240809"
321	20	301	0	"t1465"	"20240809"
3	0	3	0	"t1601"	"20240809"
1	0	1	0	"t1603"	"20240809"
2	0	2	0	"t1604"	"20240809"
1	0	1	0	"t1605"	"20240809"
3	1	2	0	"t1607"	"20240809"
4	1	3	0	"t1609"	"20240809"
1	0	1	0	"t1611"	"20240809"
19	3	16	0	"t1661"	"20240809"
5	3	2	0	"t1803"	"20240809"
8	6	2	0	"t1804"	"20240809"
4	0	4	0	"t1805"	"20240809"
3	0	3	0	"t1807"	"20240809"
2	2	0	0	"t1808"	"20240809"
1	1	0	0	"t1809"	"20240809"
2	0	2	0	"t1810"	"20240809"
2	2	0	0	"t1812"	"20240809"
2	2	0	0	"t1813"	"20240809"
6	3	3	0	"t1814"	"20240809"
5	3	2	0	"t1815"	"20240809"
2	2	0	0	"t1817"	"20240809"
1	1	0	0	"t1818"	"20240809"
1	1	0	0	"t1820"	"20240809"
2	2	0	0	"t1821"	"20240809"
1	1	0	0	"t1861"	"20240809"
1	0	1	0	"t1862"	"20240809"
1	1	0	0	"t1863"	"20240809"
4	2	2	0	"t1864"	"20240809"
9	8	1	0	"t2002"	"20240809"
7	3	4	0	"t2003"	"20240809"
2	1	1	0	"t2005"	"20240809"
1	1	0	0	"t2006"	"20240809"
1	0	1	0	"t2008"	"20240809"
4	2	2	0	"t2009"	"20240809"
3	1	2	0	"t2010"	"20240809"
1	1	0	0	"t2011"	"20240809"
2	1	1	0	"t2012"	"20240809"
6	6	0	0	"t2013"	"20240809"
2	2	0	0	"t2014"	"20240809"
26	19	7	0	"t2061"	"20240809"
6	2	4	0	"t2063"	"20240809"
2	2	0	0	"t2201"	"20240809"
2	0	2	0	"t2203"	"20240809"
1	0	1	0	"t2204"	"20240809"
4	0	4	0	"t2205"	"20240809"
1	0	1	0	"t2206"	"20240809"
1	1	0	0	"t2207"	"20240809"
2	0	2	0	"t2211"	"20240809"
3	1	2	0	"t2212"	"20240809"
2	0	2	0	"t2213"	"20240809"
1	1	0	0	"t2214"	"20240809"
2	1	1	0	"t2215"	"20240809"
13	6	7	0	"t2261"	"20240809"
3	1	2	0	"t2262"	"20240809"
2	0	2	0	"t2263"	"20240809"
4	2	2	0	"t2401"	"20240809"
3	3	0	0	"t2402"	"20240809"
1	1	0	0	"t2403"	"20240809"
3	0	3	0	"t2406"	"20240809"
1	0	1	0	"t2407"	"20240809"
1	0	1	0	"t2408"	"20240809"
1	1	0	0	"t2409"	"20240809"
2	2	0	0	"t2410"	"20240809"
2	2	0	0	"t2413"	"20240809"
2	0	2	0	"t2414"	"20240809"
4	3	1	0	"t2415"	"20240809"
1	0	1	0	"t2416"	"20240809"
1	0	1	0	"t2417"	"20240809"
5	5	0	0	"t2461"	"20240809"
1	1	0	0	"t2462"	"20240809"
4	1	3	0	"t2463"	"20240809"
2	2	0	0	"t2464"	"20240809"
3	2	1	0	"t2465"	"20240809"
1	0	1	0	"t2466"	"20240809"
2	1	1	0	"t2467"	"20240809"
6	4	2	0	"t2468"	"20240809"
29	7	22	0	"t2469"	"20240809"
2	0	2	0	"t2470"	"20240809"
3	1	2	0	"t2472"	"20240809"
6	1	5	0	"t2475"	"20240809"
1	0	1	0	"t2476"	"20240809"
2	1	1	0	"t2477"	"20240809"
1	1	0	0	"t2478"	"20240809"
3	3	0	0	"t2604"	"20240809"
4	4	0	0	"t2605"	"20240809"
2	1	1	0	"t2607"	"20240809"
4	2	2	0	"t2609"	"20240809"
4	3	1	0	"t2610"	"20240809"
3	3	0	0	"t2611"	"20240809"
4	4	0	0	"t2613"	"20240809"
4	2	2	0	"t2661"	"20240809"
2	2	0	0	"t2801"	"20240809"
4	1	3	0	"t2802"	"20240809"
10	7	3	0	"t2803"	"20240809"
4	4	0	0	"t2805"	"20240809"
9	2	7	0	"t2807"	"20240809"
2	2	0	0	"t2812"	"20240809"
4	1	3	0	"t2814"	"20240809"
2	2	0	0	"t2815"	"20240809"
1	1	0	0	"t2817"	"20240809"
2	1	1	0	"t2818"	"20240809"
1	1	0	0	"t2819"	"20240809"
1	1	0	0	"t2862"	"20240809"
2	2	0	0	"t3003"	"20240809"
8	5	3	0	"t3004"	"20240809"
1	1	0	0	"t3005"	"20240809"
1	1	0	0	"t3008"	"20240809"
1	1	0	0	"t3009"	"20240809"
3	2	1	0	"t3010"	"20240809"
4	4	0	0	"t3012"	"20240809"
1	1	0	0	"t3014"	"20240809"
1	0	1	0	"t3017"	"20240809"
2	2	0	0	"t3018"	"20240809"
9	9	0	0	"t3019"	"20240809"
18	6	12	0	"t3021"	"20240809"
5	3	2	0	"t3022"	"20240809"
1	1	0	0	"t3025"	"20240809"
2	2	0	0	"t3026"	"20240809"
1	0	1	0	"t3027"	"20240809"
2	1	1	0	"t3028"	"20240809"
1	1	0	0	"t3029"	"20240809"
2	2	0	0	"t3030"	"20240809"
20	14	6	0	"t3064"	"20240809"
2	2	0	0	"t3201"	"20240809"
1	1	0	0	"t3206"	"20240809"
2	0	2	0	"t3209"	"20240809"
1	1	0	0	"t3210"	"20240809"
1	1	0	0	"t3211"	"20240809"
1	0	1	0	"t3213"	"20240809"
3	1	2	0	"t3214"	"20240809"
4	2	2	0	"t3215"	"20240809"
2	1	1	0	"t3218"	"20240809"
13	5	8	0	"t3261"	"20240809"
20	8	12	0	"t3262"	"20240809"
46	8	38	0	NA	"20240809"
