"tests"	"positive"	"negative"	"other"	"teryt"	"date"
29	15	14	0	"t0201"	"20231228"
17	14	3	0	"t0202"	"20231228"
30	12	18	0	"t0203"	"20231228"
3	1	2	0	"t0204"	"20231228"
2	2	0	0	"t0205"	"20231228"
4	1	3	0	"t0206"	"20231228"
2	1	1	0	"t0207"	"20231228"
12	10	2	0	"t0208"	"20231228"
2	1	1	0	"t0209"	"20231228"
1	0	1	0	"t0210"	"20231228"
2	2	0	0	"t0211"	"20231228"
14	13	1	0	"t0213"	"20231228"
5	4	1	0	"t0214"	"20231228"
4	2	2	0	"t0216"	"20231228"
7	3	4	0	"t0217"	"20231228"
4	2	2	0	"t0218"	"20231228"
21	10	11	0	"t0219"	"20231228"
3	0	3	0	"t0220"	"20231228"
5	4	1	0	"t0221"	"20231228"
16	9	7	0	"t0223"	"20231228"
6	4	2	0	"t0224"	"20231228"
26	10	16	0	"t0225"	"20231228"
4	1	3	0	"t0226"	"20231228"
10	1	9	0	"t0261"	"20231228"
7	3	4	0	"t0262"	"20231228"
128	69	59	0	"t0264"	"20231228"
7	3	4	0	"t0265"	"20231228"
2	0	2	0	"t0401"	"20231228"
2	2	0	0	"t0402"	"20231228"
22	3	19	0	"t0403"	"20231228"
16	2	14	0	"t0404"	"20231228"
10	5	5	0	"t0405"	"20231228"
11	6	5	0	"t0406"	"20231228"
56	24	32	0	"t0407"	"20231228"
2	2	0	0	"t0408"	"20231228"
4	4	0	0	"t0409"	"20231228"
20	9	11	0	"t0410"	"20231228"
8	6	2	0	"t0411"	"20231228"
7	7	0	0	"t0412"	"20231228"
9	8	1	0	"t0413"	"20231228"
32	13	19	0	"t0414"	"20231228"
56	14	42	0	"t0415"	"20231228"
2	0	2	0	"t0416"	"20231228"
15	6	9	0	"t0417"	"20231228"
24	10	14	0	"t0418"	"20231228"
8	7	1	0	"t0419"	"20231228"
84	28	56	0	"t0461"	"20231228"
19	15	4	0	"t0462"	"20231228"
77	19	58	0	"t0463"	"20231228"
16	3	13	0	"t0464"	"20231228"
53	22	31	0	"t0601"	"20231228"
19	11	8	0	"t0602"	"20231228"
11	9	2	0	"t0603"	"20231228"
13	8	5	0	"t0604"	"20231228"
13	8	5	0	"t0605"	"20231228"
2	0	2	0	"t0606"	"20231228"
24	14	10	0	"t0607"	"20231228"
24	5	19	0	"t0608"	"20231228"
68	24	44	0	"t0609"	"20231228"
8	5	3	0	"t0610"	"20231228"
22	13	9	0	"t0611"	"20231228"
40	9	31	0	"t0612"	"20231228"
1	1	0	0	"t0613"	"20231228"
65	24	41	0	"t0614"	"20231228"
5	1	4	0	"t0615"	"20231228"
23	14	9	0	"t0616"	"20231228"
11	5	6	0	"t0617"	"20231228"
16	6	10	0	"t0618"	"20231228"
20	9	11	0	"t0619"	"20231228"
35	22	13	0	"t0620"	"20231228"
28	4	24	0	"t0661"	"20231228"
7	2	5	0	"t0662"	"20231228"
178	56	122	0	"t0663"	"20231228"
14	7	7	0	"t0664"	"20231228"
23	3	20	0	"t0801"	"20231228"
2	1	1	0	"t0802"	"20231228"
9	1	8	0	"t0803"	"20231228"
14	12	2	0	"t0804"	"20231228"
14	6	8	0	"t0805"	"20231228"
26	8	18	0	"t0806"	"20231228"
2	1	1	0	"t0807"	"20231228"
2	0	2	0	"t0808"	"20231228"
8	8	0	0	"t0809"	"20231228"
6	6	0	0	"t0810"	"20231228"
6	4	2	0	"t0811"	"20231228"
5	0	5	0	"t0812"	"20231228"
25	10	15	0	"t0861"	"20231228"
10	7	3	0	"t0862"	"20231228"
15	5	10	0	"t1001"	"20231228"
26	2	24	0	"t1002"	"20231228"
4	2	2	0	"t1003"	"20231228"
2	0	2	0	"t1004"	"20231228"
11	11	0	0	"t1005"	"20231228"
2	0	2	0	"t1006"	"20231228"
9	3	6	0	"t1007"	"20231228"
23	12	10	1	"t1008"	"20231228"
1	1	0	0	"t1009"	"20231228"
5	4	1	0	"t1010"	"20231228"
2	1	1	0	"t1011"	"20231228"
22	6	16	0	"t1012"	"20231228"
7	4	3	0	"t1013"	"20231228"
15	9	6	0	"t1014"	"20231228"
1	1	0	0	"t1015"	"20231228"
8	4	4	0	"t1016"	"20231228"
9	0	9	0	"t1017"	"20231228"
6	1	5	0	"t1018"	"20231228"
10	4	6	0	"t1019"	"20231228"
23	16	7	0	"t1020"	"20231228"
3	0	3	0	"t1021"	"20231228"
54	26	28	0	"t1061"	"20231228"
6	6	0	0	"t1062"	"20231228"
4	3	1	0	"t1063"	"20231228"
27	14	13	0	"t1201"	"20231228"
22	10	12	0	"t1202"	"20231228"
24	4	20	0	"t1203"	"20231228"
3	3	0	0	"t1204"	"20231228"
45	13	32	0	"t1205"	"20231228"
17	12	5	0	"t1206"	"20231228"
7	5	2	0	"t1207"	"20231228"
9	3	6	0	"t1208"	"20231228"
24	15	9	0	"t1210"	"20231228"
12	11	1	0	"t1211"	"20231228"
6	5	1	0	"t1212"	"20231228"
24	11	13	0	"t1213"	"20231228"
10	10	0	0	"t1215"	"20231228"
24	16	7	1	"t1216"	"20231228"
85	27	58	0	"t1218"	"20231228"
14	10	4	0	"t1219"	"20231228"
127	53	74	0	"t1261"	"20231228"
11	6	5	0	"t1262"	"20231228"
12	10	2	0	"t1263"	"20231228"
26	4	22	0	"t1401"	"20231228"
26	12	14	0	"t1402"	"20231228"
34	19	15	0	"t1403"	"20231228"
8	7	1	0	"t1404"	"20231228"
20	9	11	0	"t1406"	"20231228"
11	7	4	0	"t1407"	"20231228"
20	17	3	0	"t1408"	"20231228"
4	4	0	0	"t1409"	"20231228"
10	5	5	0	"t1410"	"20231228"
6	6	0	0	"t1411"	"20231228"
56	10	46	0	"t1412"	"20231228"
10	2	8	0	"t1413"	"20231228"
14	5	9	0	"t1414"	"20231228"
10	8	2	0	"t1415"	"20231228"
9	9	0	0	"t1416"	"20231228"
24	16	8	0	"t1417"	"20231228"
12	5	7	0	"t1418"	"20231228"
12	7	5	0	"t1419"	"20231228"
31	9	22	0	"t1420"	"20231228"
6	5	1	0	"t1421"	"20231228"
20	1	19	0	"t1422"	"20231228"
24	12	12	0	"t1423"	"20231228"
4	4	0	0	"t1424"	"20231228"
28	3	25	0	"t1425"	"20231228"
24	13	11	0	"t1426"	"20231228"
9	8	1	0	"t1427"	"20231228"
11	11	0	0	"t1428"	"20231228"
16	10	6	0	"t1429"	"20231228"
8	4	4	0	"t1430"	"20231228"
22	9	13	0	"t1432"	"20231228"
6	3	3	0	"t1433"	"20231228"
25	9	16	0	"t1434"	"20231228"
7	7	0	0	"t1435"	"20231228"
8	7	1	0	"t1436"	"20231228"
2	2	0	0	"t1437"	"20231228"
6	6	0	0	"t1438"	"20231228"
1	1	0	0	"t1461"	"20231228"
19	4	15	0	"t1462"	"20231228"
34	12	22	0	"t1463"	"20231228"
34	7	27	0	"t1464"	"20231228"
454	89	365	0	"t1465"	"20231228"
7	4	3	0	"t1601"	"20231228"
5	5	0	0	"t1602"	"20231228"
7	6	1	0	"t1603"	"20231228"
5	3	2	0	"t1604"	"20231228"
5	1	4	0	"t1605"	"20231228"
2	1	1	0	"t1606"	"20231228"
18	10	8	0	"t1607"	"20231228"
4	0	4	0	"t1608"	"20231228"
12	2	10	0	"t1609"	"20231228"
3	3	0	0	"t1610"	"20231228"
6	3	3	0	"t1611"	"20231228"
37	21	16	0	"t1661"	"20231228"
4	3	1	0	"t1801"	"20231228"
11	10	1	0	"t1802"	"20231228"
59	22	37	0	"t1803"	"20231228"
15	9	6	0	"t1804"	"20231228"
24	13	11	0	"t1805"	"20231228"
13	7	6	0	"t1806"	"20231228"
34	12	22	0	"t1807"	"20231228"
26	10	15	1	"t1808"	"20231228"
5	4	1	0	"t1809"	"20231228"
8	7	1	0	"t1810"	"20231228"
13	12	1	0	"t1811"	"20231228"
16	4	12	0	"t1812"	"20231228"
2	0	2	0	"t1813"	"20231228"
34	5	28	1	"t1814"	"20231228"
27	7	20	0	"t1815"	"20231228"
19	4	15	0	"t1816"	"20231228"
8	3	5	0	"t1817"	"20231228"
30	30	0	0	"t1818"	"20231228"
4	4	0	0	"t1819"	"20231228"
17	10	7	0	"t1820"	"20231228"
2	2	0	0	"t1821"	"20231228"
9	6	3	0	"t1861"	"20231228"
5	4	1	0	"t1862"	"20231228"
21	9	12	0	"t1863"	"20231228"
14	5	9	0	"t1864"	"20231228"
5	5	0	0	"t2001"	"20231228"
20	11	9	0	"t2002"	"20231228"
24	3	21	0	"t2003"	"20231228"
3	1	2	0	"t2004"	"20231228"
17	15	2	0	"t2005"	"20231228"
5	4	1	0	"t2006"	"20231228"
8	6	2	0	"t2007"	"20231228"
12	2	10	0	"t2008"	"20231228"
3	0	3	0	"t2009"	"20231228"
16	8	8	0	"t2010"	"20231228"
4	1	3	0	"t2011"	"20231228"
4	2	2	0	"t2012"	"20231228"
6	4	2	0	"t2013"	"20231228"
4	1	3	0	"t2014"	"20231228"
63	33	30	0	"t2061"	"20231228"
9	5	4	0	"t2062"	"20231228"
2	1	1	0	"t2063"	"20231228"
9	7	2	0	"t2201"	"20231228"
10	4	6	0	"t2202"	"20231228"
7	7	0	0	"t2203"	"20231228"
8	1	6	1	"t2204"	"20231228"
30	2	28	0	"t2205"	"20231228"
8	3	5	0	"t2206"	"20231228"
6	3	3	0	"t2207"	"20231228"
10	3	7	0	"t2208"	"20231228"
3	0	3	0	"t2209"	"20231228"
2	1	1	0	"t2210"	"20231228"
19	6	13	0	"t2211"	"20231228"
4	1	3	0	"t2212"	"20231228"
1	0	1	0	"t2213"	"20231228"
5	3	2	0	"t2214"	"20231228"
7	4	3	0	"t2215"	"20231228"
2	1	1	0	"t2216"	"20231228"
82	24	57	1	"t2261"	"20231228"
44	14	30	0	"t2262"	"20231228"
7	3	4	0	"t2263"	"20231228"
2	0	2	0	"t2264"	"20231228"
11	2	9	0	"t2401"	"20231228"
33	14	19	0	"t2402"	"20231228"
43	22	21	0	"t2403"	"20231228"
17	3	14	0	"t2404"	"20231228"
12	4	8	0	"t2405"	"20231228"
8	4	4	0	"t2406"	"20231228"
10	6	4	0	"t2407"	"20231228"
6	0	6	0	"t2408"	"20231228"
3	3	0	0	"t2409"	"20231228"
11	8	3	0	"t2410"	"20231228"
20	5	15	0	"t2411"	"20231228"
8	3	5	0	"t2412"	"20231228"
62	14	48	0	"t2413"	"20231228"
5	2	3	0	"t2414"	"20231228"
30	18	12	0	"t2415"	"20231228"
25	15	10	0	"t2416"	"20231228"
5	1	4	0	"t2417"	"20231228"
21	15	6	0	"t2461"	"20231228"
41	13	28	0	"t2462"	"20231228"
41	14	27	0	"t2463"	"20231228"
11	8	3	0	"t2464"	"20231228"
37	10	27	0	"t2465"	"20231228"
19	5	14	0	"t2466"	"20231228"
22	19	3	0	"t2467"	"20231228"
23	16	7	0	"t2468"	"20231228"
60	21	39	0	"t2469"	"20231228"
6	0	6	0	"t2470"	"20231228"
9	2	7	0	"t2471"	"20231228"
21	5	16	0	"t2472"	"20231228"
3	2	1	0	"t2473"	"20231228"
8	7	1	0	"t2474"	"20231228"
55	21	34	0	"t2475"	"20231228"
46	9	37	0	"t2476"	"20231228"
12	4	8	0	"t2477"	"20231228"
45	14	31	0	"t2478"	"20231228"
11	11	0	0	"t2479"	"20231228"
1	0	1	0	"t2601"	"20231228"
3	2	1	0	"t2602"	"20231228"
1	1	0	0	"t2603"	"20231228"
33	12	21	0	"t2604"	"20231228"
8	7	1	0	"t2605"	"20231228"
10	9	1	0	"t2606"	"20231228"
19	13	6	0	"t2607"	"20231228"
2	2	0	0	"t2608"	"20231228"
16	4	12	0	"t2609"	"20231228"
8	6	2	0	"t2610"	"20231228"
5	5	0	0	"t2611"	"20231228"
12	8	4	0	"t2612"	"20231228"
10	0	10	0	"t2613"	"20231228"
10	6	4	0	"t2661"	"20231228"
3	1	2	0	"t2801"	"20231228"
11	5	6	0	"t2802"	"20231228"
23	7	16	0	"t2803"	"20231228"
13	6	7	0	"t2804"	"20231228"
10	1	9	0	"t2805"	"20231228"
7	4	3	0	"t2806"	"20231228"
24	4	20	0	"t2807"	"20231228"
2	2	0	0	"t2808"	"20231228"
4	1	3	0	"t2809"	"20231228"
7	6	1	0	"t2810"	"20231228"
10	3	7	0	"t2811"	"20231228"
11	9	2	0	"t2812"	"20231228"
1	1	0	0	"t2813"	"20231228"
17	2	15	0	"t2814"	"20231228"
13	12	1	0	"t2815"	"20231228"
3	0	3	0	"t2816"	"20231228"
3	3	0	0	"t2817"	"20231228"
1	0	1	0	"t2818"	"20231228"
3	2	1	0	"t2819"	"20231228"
9	8	1	0	"t2861"	"20231228"
14	6	8	0	"t2862"	"20231228"
2	2	0	0	"t3001"	"20231228"
3	3	0	0	"t3002"	"20231228"
10	8	2	0	"t3003"	"20231228"
18	17	1	0	"t3004"	"20231228"
4	4	0	0	"t3005"	"20231228"
6	5	1	0	"t3007"	"20231228"
1	1	0	0	"t3008"	"20231228"
14	11	3	0	"t3010"	"20231228"
2	2	0	0	"t3011"	"20231228"
19	16	3	0	"t3012"	"20231228"
3	1	2	0	"t3013"	"20231228"
1	1	0	0	"t3014"	"20231228"
12	11	1	0	"t3015"	"20231228"
3	3	0	0	"t3016"	"20231228"
15	0	15	0	"t3017"	"20231228"
5	4	1	0	"t3018"	"20231228"
7	5	2	0	"t3019"	"20231228"
73	32	41	0	"t3021"	"20231228"
36	16	20	0	"t3022"	"20231228"
4	4	0	0	"t3023"	"20231228"
8	3	5	0	"t3024"	"20231228"
4	2	2	0	"t3025"	"20231228"
9	9	0	0	"t3026"	"20231228"
17	17	0	0	"t3027"	"20231228"
1	1	0	0	"t3028"	"20231228"
7	7	0	0	"t3029"	"20231228"
7	7	0	0	"t3030"	"20231228"
11	3	8	0	"t3031"	"20231228"
3	3	0	0	"t3062"	"20231228"
9	5	4	0	"t3063"	"20231228"
60	44	16	0	"t3064"	"20231228"
2	0	2	0	"t3201"	"20231228"
4	3	1	0	"t3202"	"20231228"
3	2	1	0	"t3203"	"20231228"
1	0	1	0	"t3204"	"20231228"
15	5	10	0	"t3205"	"20231228"
34	19	15	0	"t3206"	"20231228"
6	2	4	0	"t3207"	"20231228"
7	6	1	0	"t3208"	"20231228"
12	3	9	0	"t3209"	"20231228"
8	0	8	0	"t3210"	"20231228"
12	6	6	0	"t3211"	"20231228"
5	2	3	0	"t3213"	"20231228"
4	3	1	0	"t3214"	"20231228"
14	7	7	0	"t3215"	"20231228"
10	2	8	0	"t3216"	"20231228"
5	3	2	0	"t3218"	"20231228"
55	17	38	0	"t3261"	"20231228"
118	44	73	1	"t3262"	"20231228"
17	3	14	0	"t3263"	"20231228"
189	34	155	0	NA	"20231228"
