"tests"	"positive"	"negative"	"other"	"teryt"	"date"
2	0	2	0	"t0201"	"20221001"
2	0	2	0	"t0202"	"20221001"
1	1	0	0	"t0207"	"20221001"
4	2	2	0	"t0208"	"20221001"
1	0	1	0	"t0210"	"20221001"
1	1	0	0	"t0211"	"20221001"
3	0	3	0	"t0214"	"20221001"
3	0	3	0	"t0215"	"20221001"
1	0	1	0	"t0217"	"20221001"
2	2	0	0	"t0219"	"20221001"
1	0	1	0	"t0220"	"20221001"
1	0	1	0	"t0221"	"20221001"
1	0	1	0	"t0223"	"20221001"
1	0	1	0	"t0224"	"20221001"
28	6	22	0	"t0264"	"20221001"
4	1	3	0	"t0401"	"20221001"
1	0	1	0	"t0404"	"20221001"
1	0	1	0	"t0405"	"20221001"
4	4	0	0	"t0408"	"20221001"
3	0	3	0	"t0409"	"20221001"
2	1	1	0	"t0410"	"20221001"
2	0	2	0	"t0411"	"20221001"
1	1	0	0	"t0412"	"20221001"
2	1	1	0	"t0413"	"20221001"
2	0	2	0	"t0415"	"20221001"
2	0	2	0	"t0418"	"20221001"
5	0	5	0	"t0461"	"20221001"
1	0	1	0	"t0462"	"20221001"
7	2	5	0	"t0463"	"20221001"
3	1	2	0	"t0464"	"20221001"
4	1	3	0	"t0601"	"20221001"
2	1	1	0	"t0602"	"20221001"
2	0	2	0	"t0603"	"20221001"
15	2	13	0	"t0604"	"20221001"
2	1	1	0	"t0606"	"20221001"
25	5	20	0	"t0607"	"20221001"
4	0	4	0	"t0608"	"20221001"
14	1	13	0	"t0609"	"20221001"
3	0	3	0	"t0610"	"20221001"
3	3	0	0	"t0611"	"20221001"
3	3	0	0	"t0613"	"20221001"
7	1	6	0	"t0614"	"20221001"
8	0	8	0	"t0616"	"20221001"
9	1	8	0	"t0617"	"20221001"
2	2	0	0	"t0618"	"20221001"
2	0	2	0	"t0619"	"20221001"
4	1	3	0	"t0620"	"20221001"
2	1	1	0	"t0662"	"20221001"
25	2	23	0	"t0663"	"20221001"
5	1	4	0	"t0664"	"20221001"
1	0	1	0	"t0801"	"20221001"
2	0	2	0	"t0807"	"20221001"
1	1	0	0	"t0808"	"20221001"
2	1	1	0	"t0809"	"20221001"
4	0	4	0	"t0810"	"20221001"
9	3	6	0	"t0811"	"20221001"
1	0	1	0	"t0861"	"20221001"
2	1	1	0	"t0862"	"20221001"
3	3	0	0	"t1001"	"20221001"
4	3	1	0	"t1004"	"20221001"
4	1	3	0	"t1005"	"20221001"
1	0	1	0	"t1007"	"20221001"
2	0	2	0	"t1008"	"20221001"
3	0	3	0	"t1009"	"20221001"
1	0	1	0	"t1010"	"20221001"
1	0	1	0	"t1011"	"20221001"
1	0	1	0	"t1013"	"20221001"
4	0	4	0	"t1016"	"20221001"
1	1	0	0	"t1018"	"20221001"
6	1	5	0	"t1019"	"20221001"
3	2	1	0	"t1020"	"20221001"
16	4	12	0	"t1061"	"20221001"
1	0	1	0	"t1201"	"20221001"
1	0	1	0	"t1202"	"20221001"
1	0	1	0	"t1203"	"20221001"
8	2	6	0	"t1205"	"20221001"
8	0	8	0	"t1206"	"20221001"
3	0	3	0	"t1207"	"20221001"
2	1	1	0	"t1208"	"20221001"
34	13	21	0	"t1209"	"20221001"
2	1	1	0	"t1210"	"20221001"
2	0	2	0	"t1211"	"20221001"
1	0	1	0	"t1213"	"20221001"
1	0	1	0	"t1215"	"20221001"
1	0	1	0	"t1216"	"20221001"
3	0	3	0	"t1217"	"20221001"
1	0	1	0	"t1218"	"20221001"
11	2	9	0	"t1219"	"20221001"
42	6	36	0	"t1261"	"20221001"
2	1	1	0	"t1263"	"20221001"
1	0	1	0	"t1401"	"20221001"
1	0	1	0	"t1402"	"20221001"
4	1	3	0	"t1403"	"20221001"
4	1	3	0	"t1405"	"20221001"
3	0	3	0	"t1406"	"20221001"
5	3	2	0	"t1407"	"20221001"
3	0	3	0	"t1408"	"20221001"
1	0	1	0	"t1409"	"20221001"
4	1	3	0	"t1411"	"20221001"
12	0	12	0	"t1412"	"20221001"
1	0	1	0	"t1414"	"20221001"
6	2	4	0	"t1417"	"20221001"
4	2	2	0	"t1418"	"20221001"
7	3	4	0	"t1419"	"20221001"
3	0	3	0	"t1425"	"20221001"
7	1	6	0	"t1426"	"20221001"
4	2	2	0	"t1432"	"20221001"
2	0	2	0	"t1433"	"20221001"
3	1	2	0	"t1434"	"20221001"
5	0	5	0	"t1435"	"20221001"
1	0	1	0	"t1436"	"20221001"
2	2	0	0	"t1437"	"20221001"
1	1	0	0	"t1461"	"20221001"
4	1	3	0	"t1462"	"20221001"
2	0	2	0	"t1463"	"20221001"
2	1	1	0	"t1464"	"20221001"
384	26	358	0	"t1465"	"20221001"
2	0	2	0	"t1601"	"20221001"
3	3	0	0	"t1604"	"20221001"
5	3	2	0	"t1605"	"20221001"
18	1	17	0	"t1607"	"20221001"
7	4	3	0	"t1608"	"20221001"
9	3	6	0	"t1609"	"20221001"
3	1	2	0	"t1610"	"20221001"
1	0	1	0	"t1611"	"20221001"
12	5	7	0	"t1661"	"20221001"
1	0	1	0	"t1801"	"20221001"
32	2	30	0	"t1804"	"20221001"
6	4	2	0	"t1805"	"20221001"
3	1	2	0	"t1806"	"20221001"
1	0	1	0	"t1807"	"20221001"
1	1	0	0	"t1808"	"20221001"
20	1	19	0	"t1809"	"20221001"
2	0	2	0	"t1812"	"20221001"
1	0	1	0	"t1814"	"20221001"
4	3	1	0	"t1815"	"20221001"
4	1	3	0	"t1816"	"20221001"
7	1	6	0	"t1817"	"20221001"
4	0	4	0	"t1818"	"20221001"
3	1	2	0	"t1820"	"20221001"
1	0	1	0	"t1821"	"20221001"
2	1	1	0	"t1861"	"20221001"
1	0	1	0	"t1862"	"20221001"
6	2	4	0	"t1863"	"20221001"
5	0	5	0	"t1864"	"20221001"
9	4	5	0	"t2001"	"20221001"
4	1	3	0	"t2002"	"20221001"
4	2	2	0	"t2003"	"20221001"
4	1	3	0	"t2005"	"20221001"
1	0	1	0	"t2008"	"20221001"
1	0	1	0	"t2009"	"20221001"
3	0	3	0	"t2011"	"20221001"
4	1	3	0	"t2012"	"20221001"
4	1	3	0	"t2014"	"20221001"
6	2	4	0	"t2061"	"20221001"
3	1	2	0	"t2063"	"20221001"
3	1	2	0	"t2201"	"20221001"
3	0	3	0	"t2202"	"20221001"
5	0	5	0	"t2203"	"20221001"
8	0	8	0	"t2204"	"20221001"
10	1	9	0	"t2205"	"20221001"
5	1	4	0	"t2206"	"20221001"
1	0	1	0	"t2207"	"20221001"
3	0	3	0	"t2208"	"20221001"
1	1	0	0	"t2209"	"20221001"
1	0	1	0	"t2210"	"20221001"
2	1	1	0	"t2211"	"20221001"
1	0	1	0	"t2212"	"20221001"
2	1	1	0	"t2213"	"20221001"
3	2	1	0	"t2214"	"20221001"
5	0	5	0	"t2215"	"20221001"
1	0	1	0	"t2216"	"20221001"
30	4	26	0	"t2261"	"20221001"
6	0	6	0	"t2262"	"20221001"
1	0	1	0	"t2263"	"20221001"
7	2	5	0	"t2401"	"20221001"
3	2	1	0	"t2402"	"20221001"
3	0	3	0	"t2403"	"20221001"
2	0	2	0	"t2405"	"20221001"
3	1	2	0	"t2406"	"20221001"
1	1	0	0	"t2407"	"20221001"
3	1	2	0	"t2408"	"20221001"
1	0	1	0	"t2409"	"20221001"
1	0	1	0	"t2411"	"20221001"
1	1	0	0	"t2412"	"20221001"
12	7	5	0	"t2413"	"20221001"
3	0	3	0	"t2414"	"20221001"
3	0	3	0	"t2415"	"20221001"
1	1	0	0	"t2416"	"20221001"
3	0	3	0	"t2417"	"20221001"
4	4	0	0	"t2461"	"20221001"
2	0	2	0	"t2462"	"20221001"
10	1	9	0	"t2463"	"20221001"
6	3	3	0	"t2465"	"20221001"
5	2	3	0	"t2466"	"20221001"
2	0	2	0	"t2467"	"20221001"
24	6	18	0	"t2469"	"20221001"
4	3	1	0	"t2470"	"20221001"
12	1	11	0	"t2471"	"20221001"
6	2	4	0	"t2472"	"20221001"
2	0	2	0	"t2473"	"20221001"
9	5	3	1	"t2475"	"20221001"
4	1	3	0	"t2476"	"20221001"
17	2	15	0	"t2477"	"20221001"
8	4	4	0	"t2478"	"20221001"
2	0	2	0	"t2601"	"20221001"
11	1	10	0	"t2604"	"20221001"
12	2	10	0	"t2605"	"20221001"
1	1	0	0	"t2606"	"20221001"
6	0	6	0	"t2607"	"20221001"
1	0	1	0	"t2608"	"20221001"
22	1	21	0	"t2609"	"20221001"
2	1	1	0	"t2610"	"20221001"
6	0	6	0	"t2611"	"20221001"
4	1	3	0	"t2612"	"20221001"
1	0	1	0	"t2613"	"20221001"
8	1	7	0	"t2661"	"20221001"
4	0	4	0	"t2802"	"20221001"
2	1	1	0	"t2804"	"20221001"
12	0	12	0	"t2805"	"20221001"
1	0	1	0	"t2806"	"20221001"
1	1	0	0	"t2807"	"20221001"
1	0	1	0	"t2808"	"20221001"
1	0	1	0	"t2811"	"20221001"
1	0	1	0	"t2813"	"20221001"
1	1	0	0	"t2815"	"20221001"
2	0	2	0	"t2816"	"20221001"
2	1	1	0	"t2817"	"20221001"
1	0	1	0	"t2861"	"20221001"
2	0	2	0	"t2862"	"20221001"
1	0	1	0	"t3002"	"20221001"
4	4	0	0	"t3003"	"20221001"
2	1	1	0	"t3006"	"20221001"
2	0	2	0	"t3007"	"20221001"
1	1	0	0	"t3009"	"20221001"
2	2	0	0	"t3010"	"20221001"
1	1	0	0	"t3011"	"20221001"
1	1	0	0	"t3012"	"20221001"
1	1	0	0	"t3013"	"20221001"
1	1	0	0	"t3015"	"20221001"
4	1	3	0	"t3017"	"20221001"
2	1	1	0	"t3018"	"20221001"
3	0	3	0	"t3020"	"20221001"
25	2	23	0	"t3021"	"20221001"
1	1	0	0	"t3022"	"20221001"
3	1	2	0	"t3023"	"20221001"
2	2	0	0	"t3024"	"20221001"
1	0	1	0	"t3025"	"20221001"
1	0	1	0	"t3026"	"20221001"
3	1	2	0	"t3028"	"20221001"
9	0	9	0	"t3031"	"20221001"
1	0	1	0	"t3061"	"20221001"
36	5	31	0	"t3064"	"20221001"
4	3	0	1	"t3203"	"20221001"
1	0	1	0	"t3204"	"20221001"
3	1	2	0	"t3205"	"20221001"
2	0	2	0	"t3206"	"20221001"
1	0	1	0	"t3207"	"20221001"
2	0	2	0	"t3209"	"20221001"
1	0	1	0	"t3210"	"20221001"
2	0	2	0	"t3211"	"20221001"
2	0	2	0	"t3212"	"20221001"
1	0	1	0	"t3213"	"20221001"
5	0	5	0	"t3214"	"20221001"
2	1	1	0	"t3215"	"20221001"
1	0	1	0	"t3216"	"20221001"
2	0	2	0	"t3261"	"20221001"
37	9	28	0	"t3262"	"20221001"
1	0	1	0	"t3263"	"20221001"
332	43	288	1	NA	"20221001"
